144

Ρ93 schol. 1236

55
95
92 123
93
124
107 118
120
139
43 107
125
97
97
125
116
98 125
113

1240
1251
1344
1346
1368

pag.
112
112
105
95 105
96
98

1384 8999131

1389
1404
1406
1466
1483
1495

108
46 89
118
136
105
89

EVRIPIDIS

Rhesi

113 argum.
113 schol. 210

133
99

9 30
134

Troadum

125 argum.
112 schol. 1

139
134
137
107
138
102
103 131
118
118
132
132

5
14

178
199
208
215
337
362
514
521
524
566
569
656
659
672

16
91
62
62
131
91
125
132
139
115
138
138
120

49

117
119
119
119 136
140
116
105
96
92
127
98

80501710 ¹1⁸⁶·
803 90

Hecubae

argum. 17

schol. 1 90
78 124
254 65
342 40 114
484 46 90
846 57
953 65

Orestis

argum. 93637 38
schol. 99 115
0 e
257 134
356 113
371 113
411 113
414 113
ez 0

Phoenissarum

argum. 828 43 45
Μ’ 59 43 91 ΞΞΞ

93 135

171 44135 -
202 106 A

388 45
446 119
507 120
751 54
909 41 114
1019 44 109
1083 111
1225 139
1291 128
1357 103
1539 · 40
1606 123
1692 133
1710 133
1764 107

Medeae

99 127 argum. 7 61

99
115 128

schol. 57 115
297 115

 

