148

''10101.1044 1 .'' 438 44131.141 ” ⁴ 468 43131. 199’
. 1191 , 111 A 158 · .191 194 .
1134 - 131 111 ’ 199 191 . ,
1399 113 119 111 191 ,
1341 131 , 191 1 191 . 399
1393. ·2 131 191 ’ 131 2. 313-
1113 119 113 133 191 913
41191111 . 633 {7¹1} 8ὲὲ

’486881’ 41 114 161 · 111 349 ’ ’

11 - 111 133 139 991
11 111 193 . 108 . 804
11 111 391 193 393
11 , 11 808 99 919
11. 111 1 311 - 114 914
111 1111 319 93 - 840
111 . 111 1 313 199 1914
111 11 11 339 191 1931
111 111 884 121 180 1047
,111 11 349 111 “ 1991
111 ⁴111 341 99 119 1113
111 111 , 349 99 1119
1 111 111 · 399 114 1139
111 111 999 111 , 1199
111 111 311 1 Ι 111 · 1131
111 111 887 93 1194
111 111 , 391 111 1193 .
111 111 1 411 119 111 1193
1339 ’ 84 {{{ {32 ’ 1²2¹ ·
Trachiniarum 462 86 18ξέ 134 ’
14191.491 ⁴109 409 93 1319 ’ 191

11111 493 111 1319 199 ‘›
111111 23 123 319 - 31 1319 . 119

schol. 1 3592136 ,565 124 1381 , 110 1
6 94 570 124138 ’- 1402 100

23 35 92 572 116 > 1409 s 124
27 - 96 596 108 125 1415 ’127
34 34 633 125 1418 ⁷ 109
38 35 92 641 121 .
11 ,11 111 646 123 Phnootetae
44 118 654 100 argum. 15
50 104 657 100 schol. .1 34
57 104 126 684 129 389 141
62 36 92 690 140 589 141
66 “ . 126 691 129Ι .. 812 95
19 ’ 91 ξὲῗ 1134419.η1441 149
gg 1812) 719 101 Electrae
82 112 735 103 argum. 15
91 102 741 104 schol. l 93133
112 113 744 104 3 95
118 129 746 48 22 95
> 134 43100106 756 104 ’11123 190

 

